#Layer_Color=10066176
#
#Feature symbol names
#
$0 r1
$1 r0.1

#
#Feature attribute names
#

#
#Layer features
#
A 0.0014 1.0486989 0.0839334 0.881334 0.215 1.05 0 P 0 N
A 0.4203473 3.6995931 0.0009402 3.2913109 0.2819528 3.4222 0 P 0 N
A 0.4319528 3.422 0.4319528 3.422 0.2819528 3.422 1 P 0 N
A 0.9597551 3.5986963 0.791 3.6995832 0.791 3.508 0 P 0 N
A 5.3846989 3.6996 5.2035229 3.5970351 5.386 3.486 0 P 0 N
A 6.8080666 0.879334 6.8906 1.0466989 6.677 1.048 0 P 0 N
L 0.0009472 3.2913117 0.0014 1.0486989 0 P 0
L 0.0839251 0.2336654 0.0882716 0.1875866 0 P 0
L 0.0839649 0.2336654 0.0839649 0.881334 0 P 0
L 0.0882716 0.1875866 0.1009054 0.1442717 0 P 0
L 0.1009054 0.1442717 0.1212165 0.1047598 0 P 0
L 0.1212165 0.1047598 0.1486062 0.0700906 0 P 0
L 0.1486062 0.0700906 0.1824606 0.041311 0 P 0
L 0.1824606 0.041311 0.2221771 0.0194606 0 P 0
L 0.2221771 0.0194606 0.2671456 0.0055748 0 P 0
L 0.2671456 0.0055748 0.31676 0.0011799 0 P 0
L 0.31676 0.0011491 6.57524 -0.0008201 0 P 0
L 0.4203473 3.6996 0.791 3.6995832 0 P 0
L 0.9597551 3.5986748 5.2035229 3.5970351 0 P 0
L 5.3847 3.6996 6.5994921 3.6995818 0 P 0
L 6.57524 -0.0008201 6.6248544 0.0035748 0 P 0
L 6.5994921 3.6995827 6.657996 3.6936417 0 P 0
L 6.6248544 0.0035748 6.6698229 0.0174606 0 P 0
L 6.657996 3.6936417 6.712563 3.6766102 0 P 0
L 6.6698229 0.0174606 6.7095394 0.039311 0 P 0
L 6.7095394 0.039311 6.7433938 0.0680906 0 P 0
L 6.712563 3.6766102 6.7620157 3.649685 0 P 0
L 6.7433938 0.0680906 6.7707835 0.1027598 0 P 0
L 6.7620157 3.649685 6.8051535 3.614063 0 P 0
L 6.7707835 0.1027598 6.7910946 0.1422717 0 P 0
L 6.7910946 0.1422717 6.8037284 0.1855866 0 P 0
L 6.8037284 0.1855866 6.8080749 0.2316654 0 P 0
L 6.8051535 3.614063 6.8407834 3.570937 0 P 0
L 6.8080351 0.2316654 6.8080351 0.879334 0 P 0
L 6.8407834 3.570937 6.8677126 3.5215 0 P 0
L 6.8677126 3.5215 6.8847441 3.4669528 0 P 0
L 6.8847441 3.4669528 6.8906889 3.4084803 0 P 0
L 6.8906 1.0466989 6.8906889 2.3278307 0 P 0
L 6.8906889 2.3278307 6.8906889 3.4084803 0 P 0
